1000000000 1000000000 0 0
15 -26 0 1
8 -13 12 2
9 -17 19 3
9 -2 30 4
8 -1 27 5
2 -2 25 6
14 -13 31 7
20 -3 37 8
22 -10 28 9
19 -12 25 10
0 -26 28 11
14 -23 65 12
14 -24 86 13
15 -10 109 14
1 -15 118 15
8 -12 147 16
16 -24 167 17
13 -26 192 18
17 -10 223 19
22 -18 235 20
17 -16 251 21
0 -3 271 22
18 -23 296 23
7 -11 324 24
4 -19 352 25
19 -1 392 26
17 -19 400 27
18 -2 429 28
19 -10 441 29
9 -3 461 30
19 0 485 31
9 -4 497 32
20 -23 524 33
2 0 560 34
15 -22 592 35
7 -18 634 36
4 -18 681 37
8 -12 732 38
5 -9 774 39
4 -9 817 40
19 -8 862 41
5 -24 892 42
11 -24 953 43
6 -19 1009 44
6 -9 1066 45
16 -18 1114 46
9 -11 1162 47
18 -2 1211 48
11 -13 1243 49
17 -3 1294 50
