70.33333333333333
72.0
54.333333333333336
69.66666666666667
50.333333333333336
88.66666666666667
63.666666666666664
61.666666666666664
64.33333333333333
59.0
75.66666666666667
61.666666666666664
53.333333333333336
56.333333333333336
66.66666666666667
81.33333333333333
73.33333333333333
70.0
64.33333333333333
79.66666666666667
59.0
64.33333333333333
76.66666666666667
67.66666666666667
61.666666666666664
56.666666666666664
76.66666666666667
62.333333333333336
76.33333333333333
67.33333333333333
68.33333333333333
69.33333333333333
79.0
68.66666666666667
60.666666666666664
43.666666666666664
43.0
65.66666666666667
59.666666666666664
51.333333333333336
79.66666666666667
56.0
49.333333333333336
34.333333333333336
53.666666666666664
48.333333333333336
69.66666666666667
86.66666666666667
53.0
63.333333333333336
30.666666666666668
54.666666666666664
50.333333333333336
63.666666666666664
72.33333333333333
54.333333333333336
56.0
68.0
52.0
57.0
39.333333333333336
46.333333333333336
74.33333333333333
75.33333333333333
68.0
45.0
84.66666666666667
75.66666666666667
55.333333333333336
72.0
63.333333333333336
64.66666666666667
61.0
37.0
55.0
69.0
64.0
62.666666666666664
68.0
39.0
60.0
86.0
65.33333333333333
45.0
49.0
68.66666666666667
54.666666666666664
86.33333333333333
31.333333333333332
32.666666666666664
44.333333333333336
53.666666666666664
67.33333333333333
75.66666666666667
81.0
65.66666666666667
39.666666666666664
62.666666666666664
61.0
75.66666666666667
48.666666666666664
53.0
44.0
37.666666666666664
54.333333333333336
55.333333333333336
56.666666666666664
78.33333333333333
66.66666666666667
55.0
64.0
46.666666666666664
54.333333333333336
55.666666666666664
68.33333333333333
86.33333333333333
62.666666666666664
29.666666666666668
66.0
88.0
44.0
46.0
87.0
42.666666666666664
55.666666666666664
76.33333333333333
63.0
66.0
55.666666666666664
66.33333333333333
79.33333333333333
70.33333333333333
54.0
38.0
83.33333333333333
64.33333333333333
60.0
74.66666666666667
44.0
55.0
60.0
56.666666666666664
54.0
66.33333333333333
81.0
58.333333333333336
69.66666666666667
71.33333333333333
65.33333333333333
84.66666666666667
77.0
57.666666666666664
51.666666666666664
61.6797385620915 62.00653594771242 61.47712418300654
